12
20
0 40 200 100 guepard.jpg
1 30 300 100 leopard.jpg
2 20 200 100 lion.jpg
3 30 400 100 hyene.jpg
4 20 200 100 fourmi.jpg
5 50 300 100 girafe.jpg
6 40 200 100 gazelle.jpg
7 30 300 100 singe.jpg
8 40 100 100 zebre.jpg
9 30 200 100 buffle.jpg
10 40 300 100 arbre.jpg
11 20 200 100 herbe.jpg
0 0 0 0 0 1 1 0 0 0 0 0 
0 0 0 0 0 1 1 1 1 0 0 0 
0 0 0 0 0 1 1 1 1 1 0 0
0 0 0 0 0 0 0 1 1 1 0 0
0 0 0 0 0 0 0 0 0 0 1 0
0 0 0 0 0 0 0 0 0 0 1 0
0 0 0 0 0 0 0 0 0 0 1 1 
0 0 0 0 0 0 0 0 0 0 0 1
0 0 0 0 0 0 0 0 0 0 0 1
0 0 0 0 0 0 0 0 0 0 0 1 
0 0 0 0 0 0 0 0 0 0 0 0
0 0 0 0 0 0 0 0 0 0 0 0